4
5
5
5
6
8
10
12
14
16
17
18
19
21
28
29
30
34
38
40
41
42
44
49
49
49
53
53
54
56
59
59
60
64
66
68
72
74
75
77
77
81
81
83
84
86
87
90
90
91
93
94
94
96
98
99
99
104
106
108
113
114
116
117
123
124
127
127
129
130
130
131
131
140
146
149
150
152
154
154
160
161
161
161
163
163
168
168
168
171
172
172
172
174
177
178
182
183
183
183
186
186
187
194
200
202
206
213
215
216
220
224
226
226
228
228
229
235
235
237
237
239
245
250
253
254
255
257
259
259
260
260
261
262
263
269
269
270
272
279
279
280
282
286
286
287
289
292
292
292
292
295
296
297
300
305
305
308
308
310
313
319
321
322
323
323
335
336
345
346
349
352
353
353
356
358
360
361
367
370
374
376
377
378
379
381
389
392
392
396
396
400
401
403
404
406
407
407
411
414
418
421
424
429
435
435
437
440
443
447
448
449
450
456
457
459
460
468
469
470
471
474
483
483
485
486
487
488
492
492
494
494
498
498
500
504
510
512
512
514
516
517
519
524
526
526
528
528
529
530
531
532
533
536
538
540
540
542
545
548
548
548
548
549
550
550
550
553
553
558
559
561
562
563
564
567
569
569
570
570
573
574
574
576
579
579
584
585
587
588
589
591
592
595
595
596
596
598
599
601
602
603
603
605
606
606
610
613
613
620
629
631
634
636
637
642
642
650
651
653
655
657
658
659
668
669
674
681
681
683
685
685
688
691
696
696
699
701
702
702
703
707
707
709
709
710
712
713
715
718
721
721
723
727
731
734
734
735
735
737
737
737
742
743
744
745
751
751
752
754
755
756
757
758
760
760
763
766
768
769
770
773
776
778
782
788
789
792
793
795
797
799
800
801
801
801
804
805
809
810
816
820
821
824
826
830
830
835
835
838
838
843
843
845
847
848
848
851
852
853
853
857
857
865
865
867
867
867
869
870
870
870
871
875
876
878
879
881
885
886
888
893
894
896
897
898
902
908
910
910
910
918
921
922
923
925
925
926
928
930
934
938
939
940
941
941
943
946
947
947
950
952
957
957
958
959
959
959
960
961
964
965
967
968
970
972
973
974
975
975
978
980
985
987
987
991
993
993
994
996
996
997
1002
1002
1003
1004
1008
1009
1014
1018
1018
1019
1027
1027
1028
1032
1035
1036
1039
1041
1042
1048
1050
1051
1052
1052
1055
1055
1056
1062
1063
1063
1064
1064
1068
1069
1070
1070
1075
1077
1079
1081
1082
1086
1087
1087
1088
1089
1089
1090
1091
1091
1092
1092
1094
1095
1100
1101
1105
1106
1110
1111
1112
1113
1114
1117
1120
1120
1123
1123
1123
1127
1128
1129
1132
1133
1135
1138
1138
1139
1140
1140
1145
1146
1147
1148
1149
1149
1151
1152
1153
1153
1155
1157
1157
1159
1161
1163
1163
1167
1167
1171
1173
1174
1179
1180
1183
1187
1191
1192
1197
1198
1200
1201
1203
1206
1209
1211
1213
1216
1217
1218
1221
1222
1224
1226
1233
1236
1237
1238
1238
1240
1241
1244
1244
1244
1246
1247
1255
1255
1255
1257
1261
1263
1264
1269
1270
1272
1274
1280
1281
1284
1288
1294
1297
1297
1302
1304
1305
1306
1308
1309
1312
1313
1314
1315
1320
1320
1324
1326
1331
1335
1337
1342
1342
1343
1351
1351
1353
1353
1354
1357
1360
1365
1366
1378
1379
1380
1386
1392
1393
1396
1397
1402
1408
1409
1412
1413
1414
1417
1418
1420
1421
1423
1425
1427
1433
1434
1435
1438
1442
1442
1443
1448
1448
1449
1450
1451
1455
1457
1459
1461
1462
1462
1464
1465
1467
1468
1468
1472
1474
1478
1481
1484
1485
1485
1486
1489
1489
1490
1491
1493
1494
1496
1497
1500
1504
1505
1508
1511
1511
1514
1515
1519
1519
1520
1521
1527
1528
1529
1530
1530
1533
1533
1534
1535
1549
1551
1551
1554
1554
1554
1555
1560
1562
1564
1567
1568
1568
1591
1593
1593
1594
1598
1598
1600
1604
1604
1616
1616
1625
1626
1627
1629
1631
1632
1634
1636
1636
1642
1645
1647
1648
1648
1652
1652
1653
1655
1657
1659
1659
1659
1660
1661
1662
1664
1665
1666
1666
1667
1667
1668
1670
1673
1676
1677
1679
1682
1682
1685
1686
1688
1689
1690
1690
1694
1695
1698
1700
1701
1702
1703
1707
1708
1710
1712
1717
1723
1724
1724
1726
1727
1728
1729
1729
1734
1736
1738
1741
1743
1743
1743
1745
1745
1746
1746
1749
1751
1752
1759
1759
1760
1763
1763
1764
1764
1768
1770
1772
1773
1775
1776
1776
1777
1784
1786
1787
1792
1792
1796
1798
1801
1801
1804
1805
1806
1806
1810
1811
1812
1813
1815
1819
1820
1823
1825
1832
1832
1832
1838
1839
1842
1851
1852
1856
1858
1859
1860
1861
1862
1862
1863
1867
1868
1869
1873
1873
1873
1876
1876
1876
1876
1877
1877
1878
1882
1884
1884
1886
1887
1888
1892
1892
1894
1894
1895
1900
1902
1905
1908
1912
1914
1916
1918
1918
1921
1921
1924
1925
1925
1927
1929
1929
1931
1933
1936
1937
1937
1940
1940
1947
1955
1956
1956
1961
1962
1966
1968
1973
1973
1975
1976
1979
1980
1981
1983
1984
1989
1990
1991
1991
1992
1993
1995
1996
1996
1997
2001
2004
2006
2009
2011
2013
2014
2021
2023
2023
2029
2030
2032
2032
2033
2035
2037
2039
2039
2040
2040
2042
2043
2045
2050
2050
2050
2051
2053
2056
2057
2059
2060
2061
2062
2066
2069
2069
2069
2071
2073
2074
2085
2090
2092
2092
2095
2101
2103
2104
2104
2106
2107
2111
2112
2120
2122
2124
2131
2134
2137
2140
2141
2141
2147
2152
2157
2158
2159
2160
2161
2163
2164
2164
2166
2166
2167
2172
2173
2177
2177
2181
2181
2186
2186
2189
2190
2195
2195
2196
2196
2196
2197
2197
2199
2203
2206
2206
2206
2210
2211
2212
2215
2215
2218
2227
2227
2232
2235
2235
2244
2245
2246
2251
2254
2254
2255
2255
2255
2256
2258
2260
2266
2269
2271
2271
2271
2272
2274
2275
2280
2281
2283
2285
2286
2289
2290
2292
2292
2293
2294
2296
2297
2297
2298
2299
2300
2303
2305
2307
2308
2310
2313
2314
2315
2315
2324
2325
2325
2326
2327
2327
2328
2328
2331
2334
2336
2337
2337
2338
2339
2340
2341
2342
2344
2345
2346
2348
2349
2351
2353
2356
2361
2362
2362
2362
2362
2363
2365
2367
2374
2376
2376
2379
2380
2381
2382
2383
2386
2386
2393
2394
2394
2394
2398
2400
2402
2404
2407
2408
2409
2411
2414
2416
2417
2421
2422
2424
2426
2427
2427
2428
2428
2429
2429
2431
2431
2431
2432
2435
2437
2438
2439
2439
2443
2444
2445
2450
2451
2457
2458
2460
2460
2461
2463
2466
2467
2472
2474
2475
2481
2482
2484
2484
2485
2489
2490
2491
2493
2493
2496
2496
2496
2500
2500
2501
2503
2504
2507
2508
2508
2512
2512
2516
2520
2523
2524
2530
2532
2532
2533
2535
2538
2539
2541
2547
2548
2551
2553
2557
2559
2560
2563
2564
2565
2567
2568
2570
2573
2575
2580
2583
2584
2587
2587
2588
2589
2590
2590
2591
2592
2593
2594
2596
2600
2604
2606
2606
2615
2618
2619
2626
2631
2635
2636
2638
2639
2639
2647
2649
2649
2650
2651
2652
2652
2652
2654
2659
2663
2664
2667
2669
2671
2671
2672
2675
2675
2679
2686
2689
2690
2692
2696
2697
2697
2698
2700
2701
2704
2704
2709
2715
2718
2719
2720
2720
2720
2720
2723
2726
2729
2732
2733
2734
2735
2738
2747
2750
2750
2751
2752
2754
2754
2760
2765
2766
2766
2772
2775
2777
2779
2780
2780
2781
2788
2789
2789
2790
2791
2793
2795
2799
2799
2801
2802
2806
2806
2814
2815
2816
2821
2823
2829
2830
2830
2831
2833
2834
2835
2838
2840
2842
2844
2846
2847
2850
2853
2853
2856
2857
2857
2860
2862
2864
2865
2869
2879
2880
2881
2884
2886
2891
2892
2893
2894
2895
2900
2900
2902
2902
2902
2904
2906
2908
2909
2912
2915
2916
2916
2918
2923
2924
2929
2929
2932
2933
2934
2939
2940
2941
2942
2943
2944
2945
2945
2949
2949
2951
2951
2954
2954
2957
2957
2958
2958
2964
2972
2975
2977
2980
2992
2992
2993
2999
3001
3002
3003
3007
3015
3016
3017
3017
3023
3023
3024
3030
3031
3032
3033
3036
3036
3037
3037
3038
3042
3043
3044
3046
3049
3049
3050
3058
3058
3059
3060
3067
3069
3072
3073
3074
3076
3078
3078
3084
3085
3085
3086
3088
3088
3090
3094
3094
3101
3102
3102
3107
3111
3120
3124
3132
3133
3134
3135
3141
3141
3151
3156
3157
3157
3160
3162
3163
3165
3171
3171
3171
3172
3174
3177
3179
3181
3181
3182
3183
3188
3190
3190
3193
3193
3193
3195
3197
3198
3198
3200
3200
3201
3202
3202
3202
3202
3203
3205
3206
3207
3207
3220
3220
3221
3223
3228
3233
3237
3238
3241
3242
3249
3253
3253
3255
3259
3260
3272
3279
3280
3281
3281
3286
3287
3288
3290
3291
3293
3293
3293
3294
3296
3296
3298
3301
3303
3303
3304
3304
3304
3307
3311
3315
3315
3316
3316
3320
3324
3325
3327
3328
3328
3332
3333
3334
3338
3341
3346
3348
3348
3351
3352
3352
3354
3362
3363
3364
3368
3370
3370
3372
3375
3376
3381
3382
3385
3390
3393
3397
3398
3403
3403
3411
3412
3415
3415
3419
3421
3421
3422
3422
3426
3427
3427
3428
3428
3428
3437
3437
3437
3437
3438
3439
3440
3441
3444
3444
3445
3446
3447
3447
3448
3452
3453
3454
3455
3458
3458
3461
3461
3465
3466
3468
3472
3474
3476
3478
3482
3483
3485
3487
3491
3492
3493
3493
3495
3497
3501
3501
3506
3515
3519
3523
3524
3524
3526
3529
3532
3534
3537
3537
3538
3539
3540
3541
3542
3546
3547
3551
3555
3556
3558
3558
3558
3561
3562
3565
3565
3566
3566
3567
3568
3572
3574
3580
3580
3590
3590
3591
3592
3593
3595
3598
3598
3600
3604
3605
3608
3610
3611
3615
3618
3628
3630
3631
3633
3633
3637
3638
3645
3645
3652
3653
3653
3654
3655
3656
3658
3662
3664
3666
3667
3669
3674
3675
3675
3677
3678
3682
3682
3691
3697
3700
3702
3704
3705
3708
3708
3718
3725
3726
3727
3727
3729
3729
3731
3735
3738
3739
3745
3745
3745
3748
3749
3750
3750
3750
3751
3757
3759
3760
3763
3766
3767
3767
3768
3768
3770
3777
3778
3780
3781
3782
3783
3785
3786
3786
3787
3787
3793
3794
3794
3804
3804
3807
3809
3809
3812
3816
3818
3820
3820
3821
3823
3827
3828
3829
3840
3844
3845
3847
3847
3850
3852
3852
3855
3856
3858
3858
3860
3868
3872
3873
3875
3880
3880
3881
3881
3884
3885
3888
3898
3899
3904
3907
3910
3914
3915
3917
3919
3920
3921
3923
3924
3925
3926
3933
3938
3939
3940
3941
3943
3949
3950
3952
3953
3953
3956
3956
3958
3958
3967
3968
3969
3969
3970
3973
3978
3979
3981
3983
3989
3993
3994
4006
4007
4008
4014
4015
4016
4018
4019
4020
4023
4025
4025
4026
4028
4029
4029
4030
4030
4031
4032
4036
4037
4039
4040
4042
4042
4043
4045
4046
4047
4049
4049
4061
4062
4065
4068
4069
4070
4071
4071
4071
4072
4072
4081
4081
4082
4082
4083
4088
4090
4091
4095
4095
4096
4098
4099
4100
4100
4101
4105
4105
4107
4109
4112
4113
4119
4120
4122
4124
4125
4129
4130
4130
4131
4136
4136
4137
4138
4139
4145
4146
4148
4149
4150
4154
4164
4169
4169
4171
4172
4173
4175
4176
4176
4178
4179
4182
4183
4191
4193
4195
4197
4199
4200
4205
4207
4207
4209
4211
4212
4213
4213
4215
4216
4220
4221
4221
4223
4225
4227
4230
4234
4234
4235
4238
4240
4240
4242
4251
4254
4259
4260
4260
4263
4264
4264
4266
4267
4267
4273
4274
4278
4280
4284
4285
4285
4286
4286
4289
4290
4292
4292
4292
4293
4294
4296
4296
4298
4300
4303
4303
4304
4308
4308
4309
4310
4310
4311
4313
4315
4315
4317
4319
4323
4324
4325
4326
4328
4329
4335
4337
4339
4340
4342
4345
4346
4347
4349
4350
4350
4350
4353
4360
4362
4362
4365
4366
4367
4369
4370
4385
4389
4389
4393
4396
4398
4401
4403
4404
4405
4405
4407
4410
4412
4415
4416
4421
4424
4427
4428
4428
4430
4435
4435
4439
4442
4443
4445
4447
4451
4453
4454
4460
4464
4465
4471
4471
4472
4472
4476
4477
4478
4480
4481
4485
4485
4486
4487
4487
4488
4488
4491
4491
4491
4491
4492
4495
4495
4500
4504
4505
4506
4506
4510
4510
4513
4518
4522
4522
4523
4524
4524
4525
4525
4526
4529
4533
4536
4537
4538
4539
4542
4542
4543
4545
4547
4550
4554
4556
4561
4564
4564
4566
4567
4573
4576
4579
4583
4584
4586
4587
4594
4598
4599
4600
4605
4606
4607
4613
4616
4617
4619
4621
4623
4626
4628
4628
4633
4634
4635
4635
4636
4643
4645
4646
4647
4648
4650
4654
4656
4657
4662
4662
4664
4667
4672
4672
4672
4673
4676
4677
4680
4680
4680
4681
4682
4683
4685
4687
4687
4696
4696
4697
4698
4700
4702
4704
4705
4712
4712
4718
4719
4719
4720
4721
4722
4725
4729
4735
4741
4745
4746
4746
4753
4757
4757
4758
4760
4761
4763
4764
4765
4768
4772
4773
4774
4774
4776
4777
4777
4777
4777
4778
4783
4784
4786
4788
4788
4789
4790
4791
4792
4794
4794
4795
4796
4797
4801
4807
4810
4810
4812
4812
4812
4814
4815
4817
4818
4819
4819
4821
4822
4823
4824
4825
4827
4828
4829
4830
4832
4833
4835
4838
4839
4840
4850
4852
4854
4854
4856
4857
4859
4861
4862
4864
4864
4865
4871
4872
4874
4876
4878
4889
4893
4893
4896
4898
4899
4901
4901
4902
4902
4903
4908
4908
4910
4914
4916
4918
4918
4919
4919
4920
4921
4921
4922
4927
4930
4932
4932
4936
4939
4942
4944
4944
4947
4949
4950
4957
4959
4959
4960
4962
4964
4966
4967
4967
4967
4976
4978
4981
4984
4987
5000
5002
5004
5009
5010
5012
5014
5014
5015
5017
5017
5020
5026
5029
5032
5033
5033
5037
5037
5042
5044
5046
5047
5050
5053
5053
5054
5054
5055
5056
5057
5058
5062
5062
5063
5069
5070
5071
5073
5079
5080
5081
5082
5082
5082
5083
5084
5086
5090
5092
5099
5100
5105
5105
5106
5107
5107
5108
5109
5115
5117
5120
5123
5128
5128
5131
5135
5135
5135
5139
5140
5141
5143
5143
5146
5147
5153
5154
5154
5155
5156
5159
5160
5165
5169
5170
5171
5173
5177
5178
5179
5185
5186
5187
5188
5189
5190
5191
5192
5193
5193
5196
5196
5196
5196
5197
5198
5199
5199
5202
5203
5204
5205
5205
5205
5206
5207
5210
5211
5211
5213
5213
5216
5218
5219
5220
5220
5220
5221
5223
5225
5226
5227
5229
5236
5238
5238
5238
5244
5246
5247
5249
5250
5257
5258
5258
5259
5259
5261
5266
5269
5269
5269
5269
5270
5273
5276
5277
5279
5287
5289
5290
5290
5290
5290
5292
5296
5307
5308
5311
5314
5315
5318
5319
5322
5323
5323
5325
5325
5327
5329
5329
5333
5333
5336
5336
5339
5340
5341
5342
5344
5347
5350
5352
5356
5357
5360
5361
5361
5363
5365
5366
5371
5374
5375
5375
5375
5379
5380
5382
5382
5383
5385
5385
5386
5387
5388
5389
5391
5391
5393
5394
5396
5398
5400
5400
5403
5403
5404
5404
5404
5404
5405
5407
5409
5413
5414
5415
5417
5421
5421
5426
5426
5428
5431
5433
5436
5439
5442
5445
5449
5451
5457
5458
5469
5472
5472
5473
5478
5480
5482
5483
5483
5484
5486
5486
5486
5487
5487
5488
5489
5490
5494
5494
5496
5499
5503
5506
5507
5508
5509
5510
5510
5512
5513
5515
5520
5522
5522
5523
5524
5528
5530
5533
5533
5537
5537
5538
5542
5544
5545
5550
5550
5554
5557
5559
5562
5565
5566
5567
5573
5575
5578
5578
5584
5587
5588
5591
5591
5595
5601
5604
5605
5605
5608
5611
5614
5624
5625
5626
5629
5630
5630
5634
5635
5638
5642
5642
5643
5644
5657
5657
5657
5660
5661
5661
5664
5665
5666
5667
5669
5672
5672
5673
5676
5677
5677
5683
5683
5683
5690
5690
5691
5695
5700
5702
5703
5710
5712
5716
5721
5723
5725
5727
5729
5730
5732
5735
5736
5737
5737
5738
5739
5739
5740
5740
5740
5744
5745
5745
5746
5746
5751
5752
5753
5755
5757
5758
5760
5764
5765
5769
5770
5771
5772
5774
5776
5782
5785
5786
5786
5786
5789
5790
5791
5795
5797
5800
5807
5808
5811
5812
5818
5818
5819
5820
5820
5827
5829
5830
5834
5836
5839
5840
5841
5842
5843
5844
5849
5852
5852
5852
5857
5858
5861
5871
5871
5875
5876
5879
5884
5888
5889
5893
5894
5898
5900
5901
5904
5905
5905
5907
5913
5914
5915
5916
5916
5917
5917
5920
5922
5923
5932
5941
5946
5948
5950
5954
5958
5963
5965
5969
5972
5972
5974
5975
5979
5979
5979
5979
5981
5981
5984
5987
5989
5991
5991
5994
5994
5995
5998
5998
6005
6007
6009
6017
6018
6021
6021
6023
6025
6026
6029
6032
6033
6034
6034
6035
6036
6037
6038
6038
6039
6042
6046
6046
6047
6048
6048
6051
6051
6052
6053
6056
6057
6058
6059
6064
6064
6066
6067
6070
6070
6071
6072
6073
6075
6078
6081
6083
6087
6092
6092
6095
6101
6101
6103
6105
6115
6118
6119
6124
6126
6127
6127
6127
6128
6128
6130
6130
6131
6131
6135
6138
6139
6141
6141
6143
6143
6143
6144
6145
6146
6146
6147
6149
6155
6156
6157
6158
6160
6162
6165
6168
6168
6169
6173
6173
6175
6181
6184
6189
6194
6194
6196
6196
6197
6197
6197
6200
6202
6206
6208
6210
6216
6219
6221
6221
6222
6225
6226
6226
6227
6228
6229
6229
6230
6230
6234
6234
6238
6238
6240
6240
6243
6243
6244
6245
6246
6248
6249
6249
6251
6252
6252
6254
6254
6256
6264
6264
6264
6267
6270
6271
6272
6276
6277
6284
6284
6286
6289
6290
6291
6300
6300
6304
6305
6306
6307
6309
6310
6311
6312
6312
6312
6317
6317
6319
6319
6321
6327
6328
6332
6332
6333
6333
6335
6338
6340
6341
6342
6342
6343
6343
6343
6348
6350
6354
6355
6355
6356
6358
6360
6364
6367
6367
6368
6369
6371
6376
6380
6381
6382
6384
6386
6386
6387
6388
6392
6396
6398
6400
6403
6405
6406
6407
6408
6409
6410
6411
6412
6413
6413
6413
6414
6422
6422
6423
6424
6426
6428
6429
6431
6432
6440
6442
6442
6444
6445
6445
6445
6447
6448
6450
6451
6452
6455
6456
6457
6460
6461
6463
6463
6466
6466
6467
6467
6469
6480
6480
6482
6483
6484
6487
6488
6491
6493
6496
6501
6503
6505
6506
6506
6508
6508
6510
6513
6518
6523
6527
6528
6528
6530
6532
6537
6538
6541
6542
6543
6545
6546
6549
6549
6550
6552
6552
6555
6557
6559
6560
6562
6567
6571
6572
6575
6576
6577
6577
6579
6582
6582
6583
6586
6587
6588
6590
6590
6591
6591
6592
6593
6595
6596
6598
6601
6607
6607
6608
6615
6616
6617
6619
6620
6621
6622
6623
6624
6628
6628
6629
6630
6632
6632
6640
6644
6644
6645
6645
6647
6647
6649
6650
6650
6651
6652
6652
6656
6657
6657
6659
6660
6664
6666
6667
6667
6667
6668
6668
6669
6676
6677
6681
6681
6681
6685
6685
6685
6687
6687
6692
6692
6693
6697
6697
6701
6703
6704
6704
6704
6707
6708
6709
6710
6710
6711
6712
6715
6717
6722
6724
6725
6728
6732
6733
6734
6736
6742
6746
6748
6748
6753
6754
6754
6759
6760
6761
6763
6763
6764
6766
6766
6766
6766
6768
6768
6768
6768
6771
6772
6773
6776
6780
6781
6788
6790
6794
6796
6797
6797
6799
6801
6802
6805
6808
6810
6813
6814
6815
6816
6818
6819
6821
6821
6823
6824
6825
6827
6828
6829
6829
6829
6831
6832
6833
6839
6843
6845
6845
6847
6847
6848
6849
6851
6852
6853
6853
6854
6856
6858
6862
6865
6865
6868
6868
6870
6872
6873
6877
6877
6878
6879
6885
6887
6887
6892
6894
6894
6896
6896
6896
6897
6898
6901
6902
6903
6904
6912
6912
6915
6917
6917
6920
6922
6924
6925
6929
6931
6931
6939
6941
6942
6944
6946
6948
6950
6950
6951
6952
6952
6953
6956
6961
6965
6966
6967
6969
6973
6974
6975
6977
6977
6978
6984
6989
6989
6990
6994
6994
6995
6996
6996
6997
7000
7002
7005
7007
7010
7016
7019
7022
7023
7026
7027
7034
7035
7036
7037
7038
7039
7041
7042
7046
7046
7051
7051
7056
7057
7057
7057
7060
7063
7067
7069
7070
7071
7074
7079
7084
7084
7084
7084
7086
7088
7089
7090
7092
7092
7093
7096
7098
7106
7112
7118
7119
7123
7124
7124
7125
7126
7127
7128
7131
7131
7134
7137
7137
7138
7142
7144
7156
7157
7158
7165
7167
7171
7172
7177
7177
7178
7178
7179
7180
7180
7182
7183
7183
7186
7189
7190
7191
7192
7193
7193
7194
7195
7197
7198
7198
7199
7199
7205
7205
7208
7209
7211
7213
7221
7222
7223
7223
7226
7227
7227
7231
7234
7234
7236
7237
7238
7241
7241
7246
7247
7249
7249
7249
7250
7255
7263
7267
7269
7271
7272
7276
7277
7278
7279
7280
7283
7284
7287
7292
7294
7297
7297
7300
7301
7303
7307
7308
7308
7319
7320
7321
7324
7326
7328
7329
7329
7329
7330
7330
7332
7334
7335
7335
7338
7338
7339
7339
7343
7344
7346
7350
7351
7351
7354
7356
7361
7361
7366
7367
7367
7367
7369
7370
7372
7374
7374
7377
7386
7392
7394
7394
7394
7395
7395
7396
7396
7397
7397
7398
7402
7405
7406
7407
7408
7409
7412
7414
7415
7417
7422
7422
7423
7428
7431
7433
7433
7437
7440
7441
7441
7442
7442
7445
7445
7450
7451
7451
7452
7452
7453
7454
7455
7458
7458
7458
7459
7466
7468
7471
7478
7480
7480
7480
7481
7483
7483
7484
7487
7489
7490
7491
7494
7495
7495
7498
7500
7501
7502
7504
7510
7512
7513
7515
7516
7519
7522
7523
7523
7526
7528
7531
7531
7532
7534
7534
7534
7536
7536
7536
7538
7540
7540
7542
7549
7551
7554
7555
7556
7560
7563
7567
7569
7570
7571
7571
7572
7578
7582
7582
7583
7586
7587
7596
7597
7597
7599
7600
7600
7600
7600
7603
7605
7607
7609
7616
7618
7619
7621
7621
7625
7629
7630
7630
7633
7637
7637
7639
7639
7640
7641
7643
7645
7645
7654
7654
7660
7660
7660
7660
7661
7662
7662
7664
7665
7667
7667
7669
7672
7672
7677
7677
7681
7681
7682
7684
7684
7686
7688
7693
7694
7697
7699
7702
7704
7705
7706
7708
7710
7710
7711
7711
7715
7716
7716
7719
7721
7722
7725
7727
7731
7732
7734
7736
7736
7737
7739
7739
7743
7744
7746
7750
7750
7750
7752
7755
7757
7757
7757
7758
7760
7764
7764
7764
7767
7770
7770
7771
7773
7774
7775
7775
7776
7776
7779
7779
7783
7784
7785
7786
7793
7796
7797
7798
7799
7803
7803
7814
7814
7818
7828
7828
7829
7834
7840
7843
7845
7847
7847
7849
7850
7851
7852
7854
7854
7857
7863
7868
7869
7869
7870
7873
7876
7877
7878
7878
7882
7884
7885
7886
7888
7889
7891
7893
7894
7902
7915
7917
7918
7918
7919
7927
7928
7928
7930
7934
7935
7937
7941
7942
7944
7953
7955
7956
7958
7959
7964
7964
7970
7971
7971
7971
7973
7974
7975
7981
7982
7983
7983
7984
7986
7988
7989
7990
7991
7993
7994
7996
7997
7997
7997
7997
7998
7998
8000
8003
8004
8010
8010
8011
8011
8012
8018
8019
8019
8021
8023
8023
8026
8027
8027
8028
8028
8030
8036
8036
8040
8050
8051
8056
8060
8064
8067
8071
8074
8075
8088
8094
8095
8098
8101
8107
8109
8111
8112
8114
8116
8116
8117
8119
8121
8121
8127
8129
8129
8130
8131
8131
8133
8134
8135
8136
8139
8141
8142
8142
8144
8145
8146
8151
8153
8154
8155
8156
8156
8158
8159
8160
8160
8160
8164
8170
8174
8175
8181
8182
8186
8187
8189
8191
8194
8202
8205
8205
8206
8208
8209
8211
8215
8215
8216
8216
8221
8223
8226
8228
8229
8232
8235
8236
8238
8239
8242
8244
8247
8250
8251
8253
8254
8254
8258
8258
8260
8263
8263
8264
8267
8274
8275
8276
8277
8279
8282
8290
8291
8292
8293
8295
8302
8303
8305
8308
8310
8311
8313
8313
8314
8315
8317
8323
8324
8334
8335
8337
8338
8339
8339
8341
8341
8342
8346
8347
8354
8355
8357
8358
8359
8363
8364
8364
8364
8365
8370
8370
8371
8374
8378
8380
8384
8386
8387
8392
8394
8398
8399
8399
8399
8399
8400
8401
8401
8403
8411
8411
8412
8414
8415
8416
8421
8422
8423
8425
8425
8425
8427
8427
8428
8428
8430
8430
8432
8434
8437
8444
8444
8446
8447
8447
8448
8452
8454
8458
8464
8464
8466
8466
8472
8473
8473
8474
8474
8480
8480
8482
8482
8484
8484
8487
8488
8490
8496
8498
8499
8501
8502
8504
8505
8506
8506
8508
8513
8515
8516
8518
8519
8520
8522
8522
8523
8525
8526
8528
8529
8529
8534
8538
8539
8540
8542
8542
8543
8545
8548
8549
8551
8560
8566
8566
8569
8569
8574
8577
8581
8582
8582
8584
8585
8585
8586
8591
8594
8599
8604
8605
8606
8608
8609
8611
8612
8613
8616
8616
8617
8618
8623
8624
8624
8625
8626
8626
8627
8628
8628
8628
8629
8630
8630
8632
8632
8634
8635
8636
8651
8654
8654
8656
8664
8668
8669
8671
8674
8675
8677
8680
8681
8681
8681
8686
8687
8688
8689
8690
8693
8696
8700
8707
8708
8709
8711
8711
8714
8717
8718
8720
8721
8723
8725
8725
8726
8726
8731
8735
8736
8738
8741
8751
8754
8762
8764
8766
8766
8775
8777
8777
8777
8777
8780
8780
8780
8782
8784
8784
8784
8785
8786
8787
8787
8789
8789
8790
8794
8796
8802
8804
8804
8806
8807
8818
8819
8820
8824
8825
8825
8826
8828
8829
8830
8835
8836
8837
8837
8837
8837
8843
8846
8849
8850
8850
8858
8860
8860
8861
8863
8864
8865
8866
8871
8872
8872
8875
8875
8881
8883
8888
8891
8894
8896
8897
8897
8897
8899
8901
8902
8906
8911
8917
8920
8921
8921
8922
8923
8923
8924
8927
8929
8932
8933
8935
8940
8942
8943
8944
8944
8946
8954
8954
8957
8962
8966
8967
8968
8970
8972
8974
8977
8977
8977
8978
8980
8980
8980
8984
8989
8989
8990
8990
8993
8995
8996
9000
9002
9004
9004
9010
9011
9012
9013
9016
9016
9018
9022
9022
9023
9023
9025
9025
9027
9028
9030
9038
9051
9053
9053
9062
9067
9072
9078
9078
9078
9079
9080
9081
9085
9086
9086
9090
9090
9091
9094
9095
9097
9098
9100
9103
9109
9111
9114
9115
9117
9117
9118
9120
9122
9123
9124
9126
9128
9128
9128
9130
9141
9144
9145
9147
9150
9153
9153
9154
9154
9157
9157
9159
9160
9161
9164
9164
9166
9168
9168
9168
9172
9174
9174
9175
9177
9179
9184
9185
9188
9189
9192
9192
9195
9196
9202
9202
9204
9205
9206
9207
9207
9210
9211
9215
9217
9222
9224
9224
9225
9232
9233
9233
9236
9238
9240
9241
9242
9246
9249
9250
9253
9257
9260
9265
9270
9271
9291
9291
9291
9292
9294
9294
9294
9296
9297
9299
9299
9300
9304
9305
9307
9314
9317
9319
9320
9323
9325
9325
9326
9327
9329
9337
9339
9339
9339
9341
9343
9347
9348
9350
9352
9357
9358
9361
9364
9365
9366
9368
9370
9373
9375
9375
9377
9380
9381
9383
9388
9390
9391
9393
9395
9397
9400
9401
9401
9405
9408
9408
9409
9410
9412
9416
9423
9428
9428
9430
9431
9432
9433
9435
9437
9438
9438
9439
9440
9441
9445
9446
9447
9448
9451
9451
9452
9458
9458
9460
9462
9464
9476
9481
9481
9484
9484
9485
9486
9487
9490
9491
9492
9492
9492
9497
9498
9499
9501
9502
9503
9503
9507
9508
9512
9516
9517
9518
9519
9520
9524
9524
9528
9528
9528
9528
9532
9538
9538
9539
9541
9542
9542
9556
9559
9559
9559
9560
9562
9563
9566
9567
9569
9571
9573
9576
9578
9583
9586
9587
9589
9589
9591
9595
9598
9605
9608
9610
9610
9611
9613
9613
9614
9614
9615
9615
9617
9617
9618
9618
9633
9637
9638
9644
9644
9645
9646
9649
9650
9659
9663
9664
9672
9673
9675
9675
9675
9676
9676
9679
9680
9683
9685
9689
9693
9699
9701
9706
9707
9709
9710
9715
9716
9718
9719
9720
9722
9727
9729
9730
9730
9733
9735
9737
9741
9741
9744
9746
9755
9755
9758
9762
9762
9764
9765
9771
9772
9773
9773
9776
9780
9780
9782
9786
9790
9791
9792
9792
9793
9794
9796
9797
9802
9802
9807
9808
9808
9809
9810
9812
9816
9817
9818
9829
9831
9832
9832
9833
9833
9835
9838
9838
9839
9841
9844
9848
9848
9849
9859
9859
9860
9868
9873
9876
9877
9877
9877
9878
9879
9883
9883
9884
9884
9885
9887
9888
9888
9889
9899
9904
9904
9906
9906
9907
9908
9909
9911
9912
9913
9913
9917
9917
9923
9923
9928
9933
9934
9935
9936
9937
9938
9939
9942
9943
9944
9946
9947
9949
9949
9954
9954
9955
9957
9957
9958
9962
9964
9965
9966
9968
9972
9976
9986
9989
9992
9997
10000
10001
10001
10001
10003
10008
10010
10011
10012
10012
10017
10018
10019
10019
10021
10023
10023
10027
10027
10029
10030
10032
10032
10037
10037
10038
10038
10039
10042
10048
10049
10050
10051
10052
10057
10058
10059
10061
10062
10063
10063
10067
10069
10070
10070
10071
10071
10072
10072
10073
10076
10078
10082
10084
10085
10085
10086
10086
10088
10091
10093
10094
10094
10096
10097
10104
10107
10109
10110
10114
10115
10115
10116
10116
10118
10118
10120
10120
10120
10122
10122
10122
10123
10123
10123
10124
10124
10125
10126
10127
10128
10128
10136
10139
10142
10150
10151
10158
10159
10160
10163
10164
10165
10168
10170
10173
10174
10176
10177
10177
10179
10180
10180
10181
10181
10183
10185
10186
10186
10192
10192
10196
10197
10197
10200
10206
10207
10210
10212
10212
10215
10216
10222
10224
10231
10235
10236
10241
10242
10244
10244
10245
10249
10250
10251
10253
10253
10254
10254
10254
10254
10255
10256
10256
10257
10258
10259
10260
10262
10265
10266
10267
10268
10269
10269
10270
10270
10272
10272
10275
10276
10279
10279
10285
10286
10288
10290
10290
10292
10293
10294
10294
10296
10296
10297
10301
10302
10303
10304
10304
10304
10306
10306
10310
10310
10311
10323
10323
10326
10330
10330
10331
10334
10336
10337
10339
10343
10347
10347
10350
10352
10352
10353
10358
10359
10360
10364
10364
10365
10368
10371
10380
10385
10386
10387
10388
10391
10391
10392
10399
10399
10409
10415
10417
10417
10417
10420
10427
10428
10428
10430
10431
10435
10436
10436
10440
10443
10444
10446
10448
10459
10460
10460
10461
10462
10465
10466
10471
10471
10478
10489
10490
10491
10491
10491
10492
10495
10496
10498
10498
10499
10499
10504
10504
10504
10506
10508
10508
10509
10512
10512
10513
10514
10520
10523
10524
10525
10527
10528
10530
10531
10532
10537
10538
10539
10540
10541
10543
10544
10546
10551
10555
10561
10562
10563
10563
10568
10569
10569
10573
10574
10579
10590
10591
10592
10593
10596
10604
10607
10610
10613
10614
10615
10619
10620
10626
10627
10627
10631
10635
10635
10636
10636
10639
10639
10641
10642
10642
10643
10644
10646
10647
10649
10654
10655
10658
10661
10666
10668
10673
10675
10679
10680
10682
10683
10686
10688
10690
10698
10699
10700
10701
10702
10706
10707
10708
10711
10717
10719
10720
10720
10723
10727
10731
10732
10732
10736
10740
10741
10742
10744
10747
10747
10751
10751
10752
10753
10753
10757
10757
10758
10762
10762
10762
10763
10765
10766
10768
10769
10771
10772
10772
10773
10774
10774
10775
10775
10775
10777
10780
10783
10789
10791
10791
10797
10799
10799
10800
10801
10801
10806
10808
10811
10812
10816
10818
10819
10819
10821
10825
10826
10827
10834
10840
10845
10845
10846
10846
10847
10850
10852
10857
10857
10859
10859
10865
10866
10867
10868
10868
10868
10872
10872
10873
10875
10878
10878
10879
10880
10882
10884
10884
10885
10886
10886
10886
10887
10887
10888
10889
10893
10898
10901
10905
10907
10908
10911
10911
10916
10919
10922
10927
10927
10930
10930
10932
10936
10938
10939
10940
10946
10947
10947
10949
10952
10952
10958
10959
10959
10959
10959
10960
10960
10964
10968
10970
10977
10979
10979
10980
10982
10982
10983
10983
10984
10985
10986
10987
10990
10991
10992
10997
10999
11000
11000
11002
11005
11006
11008
11009
11009
11011
11013
11014
11014
11015
11016
11017
11017
11017
11019
11020
11021
11021
11026
11027
11028
11042
11043
11043
11045
11046
11046
11048
11050
11053
11053
11054
11055
11058
11058
11065
11072
11074
11076
11076
11076
11083
11087
11087
11091
11100
11103
11104
11107
11108
11109
11109
11114
11116
11121
11125
11125
11125
11127
11131
11134
11136
11136
11137
11137
11138
11138
11139
11142
11142
11147
11148
11149
11151
11154
11155
11157
11160
11160
11161
11161
11166
11166
11171
11172
11172
11173
11173
11180
11181
11182
11184
11185
11185
11186
11186
11187
11187
11190
11191
11192
11192
11198
11201
11201
11201
11204
11206
11213
11216
11220
11224
11224
11225
11225
11229
11232
11233
11234
11235
11236
11237
11238
11238
11243
11245
11246
11249
11249
11251
11254
11254
11256
11257
11260
11262
11264
11266
11269
11272
11275
11275
11281
11287
11295
11298
11304
11305
11305
11308
11309
11310
11312
11313
11318
11320
11320
11322
11323
11323
11323
11326
11327
11327
11333
11334
11336
11338
11340
11341
11343
11349
11351
11352
11354
11355
11360
11361
11361
11367
11367
11376
11376
11378
11381
11382
11384
11385
11388
11388
11391
11392
11394
11400
11401
11402
11403
11403
11409
11410
11412
11414
11424
11426
11426
11427
11429
11430
11432
11434
11434
11435
11439
11440
11445
11447
11448
11449
11449
11456
11463
11466
11467
11472
11472
11475
11475
11475
11476
11476
11477
11478
11485
11485
11486
11486
11486
11487
11489
11491
11491
11492
11498
11499
11500
11502
11502
11503
11510
11514
11514
11520
11521
11522
11527
11528
11530
11536
11541
11544
11544
11546
11548
11554
11556
11558
11559
11559
11559
11563
11564
11564
11565
11568
11571
11574
11576
11577
11583
11584
11584
11585
11585
11586
11586
11589
11590
11593
11597
11600
11601
11605
11606
11608
11610
11612
11614
11614
11625
11626
11631
11633
11635
11636
11637
11638
11638
11639
11641
11643
11647
11652
11652
11653
11659
11660
11662
11664
11673
11677
11680
11686
11690
11690
11692
11692
11694
11694
11703
11703
11704
11704
11705
11707
11710
11714
11718
11719
11721
11726
11726
11735
11735
11735
11735
11738
11742
11742
11742
11742
11743
11743
11744
11745
11746
11749
11749
11751
11752
11752
11752
11754
11755
11756
11759
11761
11761
11761
11763
11765
11768
11770
11774
11774
11776
11783
11784
11786
11787
11789
11790
11790
11791
11793
11794
11794
11794
11794
11796
11796
11797
11797
11800
11801
11801
11804
11804
11809
11809
11816
11819
11820
11820
11823
11823
11825
11826
11833
11834
11840
11844
11844
11845
11847
11850
11867
11867
11873
11878
11879
11880
11881
11884
11884
11886
11892
11893
11894
11898
11899
11899
11902
11903
11908
11908
11909
11917
11924
11924
11925
11926
11932
11941
11941
11941
11942
11948
11953
11956
11957
11957
11958
11964
11965
11970
11971
11972
11975
11977
11979
11979
11980
11981
11982
11983
11984
11986
11986
11988
11989
11990
11994
11994
11996
11996
12000
12000
12001
12002
12004
12008
12018
12020
12023
12024
12025
12028
12028
12031
12032
12033
12034
12035
12036
12036
12036
12037
12038
12038
12039
12040
12041
12042
12043
12044
12045
12048
12052
12055
12056
12058
12059
12060
12061
12063
12064
12065
12069
12071
12071
12072
12072
12073
12074
12074
12080
12082
12083
12086
12086
12088
12091
12094
12097
12098
12100
12101
12101
12101
12104
12107
12109
12110
12110
12111
12118
12120
12122
12124
12132
12133
12139
12147
12148
12151
12154
12155
12160
12161
12161
12161
12162
12167
12172
12173
12173
12174
12176
12177
12183
12187
12190
12190
12192
12200
12202
12203
12209
12210
12212
12213
12213
12218
12223
12225
12226
12228
12231
12231
12233
12233
12234
12234
12238
12244
12247
12248
12249
12251
12255
12260
12261
12267
12267
12269
12273
12274
12276
12277
12277
12277
12280
12280
12288
12290
12290
12291
12292
12293
12293
12293
12296
12297
12298
12298
12299
12299
12300
12301
12302
12305
12310
12312
12313
12320
12322
12323
12324
12325
12326
12327
12327
12331
12334
12335
12336
12339
12346
12346
12347
12349
12350
12350
12351
12352
12353
12366
12368
12371
12373
12374
12376
12376
12377
12379
12379
12379
12381
12382
12386
12393
12396
12399
12400
12404
12406
12410
12410
12412
12417
12418
12420
12425
12425
12428
12431
12433
12433
12435
12438
12439
12440
12441
12448
12448
12453
12459
12460
12463
12464
12466
12467
12470
12470
12473
12475
12476
12478
12480
12481
12481
12483
12483
12485
12486
12487
12489
12492
12493
12493
12494
12496
12496
12497
12497
12498
12498
12499
12501
12502
12505
12506
12511
12512
12515
12515
12525
12528
12531
12531
12538
12538
12538
12540
12544
12551
12553
12555
12555
12557
12557
12559
12563
12566
12567
12574
12582
12582
12585
12586
12587
12589
12592
12594
12595
12596
12597
12601
12602
12603
12604
12604
12606
12606
12607
12609
12612
12612
12613
12617
12617
12618
12619
12620
12621
12621
12621
12622
12623
12628
12630
12631
12631
12633
12633
12634
12635
12641
12643
12644
12646
12650
12652
12657
12657
12660
12661
12661
12669
12672
12672
12676
12679
12683
12684
12685
12692
12692
12695
12699
12700
12701
12703
12709
12710
12711
12713
12715
12722
12724
12726
12728
12729
12731
12731
12732
12734
12734
12734
12735
12739
12741
12742
12743
12746
12747
12754
12754
12757
12760
12761
12763
12763
12770
12774
12777
12777
12780
12781
12783
12784
12784
12786
12789
12790
12791
12792
12795
12798
12800
12803
12805
12805
12805
12811
12812
12813
12818
12819
12819
12822
12831
12833
12835
12836
12843
12843
12847
12851
12854
12856
12857
12858
12861
12861
12862
12866
12871
12873
12876
12876
12878
12878
12882
12886
12888
12888
12890
12890
12892
12892
12893
12902
12904
12905
12908
12910
12911
12915
12918
12919
12921
12921
12923
12924
12926
12926
12927
12927
12930
12932
12933
12933
12934
12935
12936
12939
12943
12944
12946
12949
12949
12949
12950
12956
12956
12958
12959
12959
12965
12972
12972
12973
12974
12974
12975
12976
12976
12977
12978
12980
12981
12983
12983
12986
12989
12992
12994
12995
12995
12996
12996
12999
12999
13002
13002
13006
13007
13008
13010
13018
13021
13021
13022
13022
13023
13023
13026
13027
13030
13031
13032
13039
13039
13043
13046
13046
13053
13053
13053
13053
13054
13059
13059
13062
13063
13064
13064
13067
13069
13069
13069
13070
13073
13073
13074
13077
13078
13079
13080
13080
13081
13081
13082
13083
13083
13091
13093
13093
13094
13098
13100
13102
13107
13109
13114
13118
13119
13124
13124
13127
13130
13134
13135
13136
13137
13138
13140
13141
13143
13144
13146
13147
13149
13149
13150
13150
13152
13152
13153
13156
13159
13161
13163
13165
13165
13168
13169
13170
13171
13171
13172
13172
13173
13177
13179
13181
13185
13185
13187
13188
13188
13190
13191
13193
13193
13195
13198
13198
13199
13201
13202
13203
13205
13206
13208
13209
13213
13215
13219
13220
13220
13222
13225
13236
13237
13239
13244
13245
13245
13255
13256
13257
13258
13259
13260
13265
13268
13271
13271
13271
13273
13273
13274
13275
13281
13286
13287
13288
13292
13294
13295
13295
13297
13301
13302
13303
13303
13303
13308
13312
13314
13316
13317
13319
13320
13321
13323
13323
13325
13328
13332
13333
13333
13335
13336
13339
13340
13347
13348
13349
13355
13361
13362
13367
13368
13368
13369
13370
13372
13373
13378
13378
13382
13384
13386
13388
13388
13391
13397
13398
13399
13400
13402
13403
13404
13405
13405
13408
13409
13412
13413
13414
13416
13417
13418
13418
13426
13428
13428
13428
13429
13435
13438
13439
13446
13446
13447
13451
13452
13458
13459
13461
13465
13465
13468
13469
13469
13478
13480
13483
13484
13485
13486
13487
13489
13491
13492
13494
13495
13496
13499
13499
13501
13503
13503
13504
13505
13506
13507
13510
13512
13513
13515
13515
13516
13518
13518
13521
13522
13528
13529
13533
13537
13537
13538
13540
13540
13541
13542
13544
13554
13554
13555
13559
13563
13566
13567
13567
13570
13576
13579
13584
13587
13589
13589
13589
13591
13596
13596
13598
13605
13606
13606
13608
13610
13610
13612
13614
13617
13620
13621
13621
13622
13623
13624
13627
13627
13630
13630
13634
13640
13640
13640
13640
13642
13642
13644
13652
13655
13660
13661
13661
13662
13666
13669
13674
13679
13681
13681
13683
13683
13683
13693
13694
13694
13696
13700
13701
13703
13713
13714
13714
13716
13718
13720
13720
13721
13726
13730
13731
13732
13736
13736
13740
13743
13748
13750
13760
13761
13762
13764
13764
13764
13766
13768
13768
13769
13773
13776
13784
13785
13785
13786
13787
13788
13789
13790
13790
13793
13797
13799
13800
13801
13802
13805
13807
13808
13810
13810
13811
13813
13814
13814
13815
13817
13819
13822
13825
13826
13828
13829
13831
13832
13837
13842
13842
13846
13847
13847
13849
13850
13850
13853
13854
13855
13861
13865
13865
13865
13865
13867
13870
13870
13871
13871
13872
13876
13877
13878
13879
13881
13882
13882
13882
13882
13884
13884
13884
13885
13886
13888
13890
13891
13894
13895
13899
13901
13902
13904
13907
13908
13914
13915
13916
13916
13917
13917
13918
13921
13922
13924
13926
13927
13929
13930
13931
13933
13934
13934
13938
13938
13939
13939
13940
13942
13942
13943
13944
13946
13946
13948
13949
13950
13950
13952
13954
13959
13959
13960
13964
13964
13968
13969
13970
13970
13970
13984
13985
13988
13990
13990
13990
13994
13996
13996
13996
13997
13998
14002
14003
14005
14007
14010
14010
14011
14011
14017
14018
14018
14022
14024
14026
14026
14030
14032
14042
14046
14047
14048
14049
14053
14055
14055
14057
14057
14057
14062
14064
14067
14067
14069
14069
14070
14070
14073
14075
14080
14081
14082
14082
14085
14087
14089
14089
14091
14097
14098
14098
14098
14103
14103
14106
14107
14107
14107
14110
14111
14112
14112
14114
14116
14123
14124
14130
14132
14133
14135
14136
14140
14140
14141
14146
14148
14149
14151
14154
14154
14158
14163
14165
14166
14174
14180
14180
14182
14185
14186
14187
14190
14191
14193
14194
14194
14197
14197
14201
14205
14206
14211
14212
14213
14215
14218
14218
14222
14223
14224
14225
14225
14226
14228
14232
14232
14242
14246
14255
14257
14259
14271
14276
14279
14281
14282
14282
14283
14285
14289
14294
14295
14295
14303
14303
14307
14309
14314
14314
14315
14316
14317
14319
14319
14323
14324
14327
14328
14328
14337
14340
14346
14349
14353
14358
14358
14363
14364
14365
14366
14373
14374
14375
14385
14387
14391
14391
14393
14395
14396
14396
14398
14400
14403
14403
14404
14406
14409
14410
14412
14414
14417
14417
14418
14421
14422
14425
14427
14428
14431
14431
14432
14437
14440
14443
14444
14446
14446
14447
14447
14449
14451
14455
14455
14457
14461
14461
14462
14462
14463
14465
14465
14465
14466
14471
14481
14488
14492
14495
14495
14500
14500
14502
14508
14509
14511
14513
14519
14521
14523
14525
14526
14526
14527
14528
14529
14532
14535
14536
14537
14537
14538
14544
14548
14550
14550
14551
14552
14555
14561
14562
14565
14568
14569
14570
14570
14571
14573
14580
14581
14581
14583
14583
14585
14586
14587
14589
14589
14592
14595
14596
14602
14602
14603
14604
14604
14604
14610
14612
14613
14618
14625
14628
14631
14631
14633
14635
14636
14639
14641
14641
14644
14646
14647
14650
14652
14653
14659
14660
14660
14660
14662
14669
14671
14673
14673
14674
14676
14677
14682
14683
14683
14683
14684
14684
14686
14689
14693
14695
14697
14697
14697
14702
14702
14710
14713
14714
14715
14718
14719
14721
14722
14723
14728
14729
14731
14732
14732
14733
14736
14739
14749
14751
14754
14759
14759
14762
14762
14762
14767
14769
14771
14778
14779
14779
14780
14782
14783
14786
14787
14788
14789
14798
14800
14800
14801
14801
14802
14811
14811
14812
14813
14813
14814
14814
14815
14815
14816
14816
14817
14818
14819
14821
14822
14825
14826
14826
14828
14831
14831
14833
14835
14840
14840
14844
14850
14853
14855
14857
14861
14861
14863
14863
14865
14870
14872
14872
14876
14876
14882
14882
14882
14883
14884
14884
14885
14887
14887
14892
14893
14896
14904
14908
14909
14911
14913
14917
14918
14918
14918
14926
14931
14931
14934
14937
14942
14945
14945
14946
14946
14946
14949
14949
14951
14956
14956
14960
14967
14968
14969
14969
14969
14971
14974
14976
14977
14977
14979
14981
14982
14982
14984
14985
14986
14994
14995
14996
14996
15004
15005
15007
15008
15010
15011
15011
15011
15013
15017
15018
15018
15018
15020
15021
15021
15022
15022
15023
15027
15027
15027
15031
15033
15038
15042
15043
15046
15047
15047
15051
15053
15055
15055
15056
15056
15057
15057
15057
15060
15066
15066
15074
15076
15076
15081
15081
15082
15083
15087
15088
15090
15096
15096
15097
15098
15100
15104
15105
15109
15109
15111
15112
15113
15113
15115
15115
15117
15122
15122
15123
15125
15128
15128
15128
15128
15133
15136
15139
15140
15140
15147
15148
15150
15151
15152
15153
15154
15154
15155
15158
15159
15160
15162
15164
15166
15171
15171
15173
15175
15176
15180
15181
15189
15190
15191
15191
15195
15196
15198
15199
15205
15205
15209
15209
15215
15217
15218
15218
15222
15222
15223
15225
15226
15226
15229
15230
15230
15231
15232
15232
15233
15233
15233
15235
15236
15237
15240
15244
15246
15247
15251
15251
15252
15252
15253
15257
15260
15260
15260
15260
15264
15265
15266
15270
15274
15275
15277
15280
15280
15281
15284
15286
15288
15291
15299
15302
15304
15305
15306
15306
15312
15316
15316
15320
15321
15323
15325
15325
15326
15327
15328
15329
15332
15334
15336
15338
15338
15339
15340
15343
15344
15350
15351
15351
15353
15354
15358
15358
15362
15366
15366
15367
15367
15368
15368
15379
15380
15380
15381
15381
15382
15382
15386
15389
15389
15391
15392
15396
15397
15400
15400
15406
15407
15407
15410
15411
15411
15412
15412
15413
15413
15422
15423
15424
15425
15429
15432
15434
15435
15436
15444
15445
15450
15451
15456
15458
15462
15463
15464
15466
15469
15472
15474
15475
15482
15489
15489
15494
15495
15497
15499
15500
15504
15504
15507
15508
15511
15511
15513
15515
15518
15518
15518
15520
15525
15526
15528
15530
15532
15533
15538
15539
15540
15542
15546
15546
15548
15548
15551
15551
15552
15554
15556
15562
15563
15567
15568
15568
15569
15571
15572
15576
15576
15579
15587
15590
15590
15591
15593
15594
15603
15607
15607
15608
15609
15609
15610
15612
15615
15616
15617
15622
15623
15624
15624
15625
15629
15630
15631
15632
15633
15633
15633
15634
15638
15640
15643
15644
15648
15651
15655
15657
15657
15658
15662
15666
15666
15667
15668
15668
15669
15669
15672
15673
15675
15676
15679
15680
15688
15688
15689
15690
15695
15704
15705
15706
15709
15710
15710
15714
15719
15719
15720
15727
15727
15728
15728
15729
15730
15731
15733
15733
15733
15735
15736
15737
15738
15739
15740
15741
15742
15743
15743
15744
15745
15745
15746
15746
15749
15752
15763
15765
15765
15766
15767
15771
15775
15776
15776
15776
15776
15776
15777
15780
15781
15785
15786
15788
15788
15789
15793
15797
15797
15798
15800
15802
15804
15805
15805
15807
15808
15809
15811
15812
15812
15815
15815
15820
15821
15824
15825
15839
15841
15853
15855
15856
15856
15859
15860
15861
15861
15866
15867
15869
15872
15872
15873
15873
15875
15878
15879
15879
15881
15883
15883
15890
15892
15895
15895
15896
15898
15898
15903
15905
15909
15910
15921
15924
15927
15927
15928
15928
15930
15932
15934
15935
15936
15936
15938
15939
15939
15941
15945
15949
15951
15953
15955
15955
15956
15957
15960
15971
15972
15974
15975
15977
15978
15978
15984
15985
15986
15988
15990
15992
15994
15995
15997
15997
16001
16002
16003
16008
16008
16009
16010
16012
16021
16022
16027
16029
16029
16029
16032
16035
16038
16042
16042
16043
16050
16050
16052
16055
16055
16057
16064
16065
16066
16066
16066
16070
16071
16072
16072
16074
16076
16077
16078
16081
16083
16088
16090
16090
16091
16094
16098
16098
16103
16104
16104
16107
16108
16109
16110
16116
16116
16121
16122
16123
16124
16125
16126
16127
16128
16129
16130
16132
16132
16134
16136
16139
16139
16142
16143
16144
16149
16151
16151
16152
16153
16154
16155
16157
16157
16158
16158
16159
16164
16168
16169
16169
16170
16172
16174
16174
16175
16176
16177
16178
16180
16180
16181
16183
16186
16187
16189
16190
16196
16200
16204
16208
16211
16214
16214
16215
16216
16217
16217
16218
16219
16219
16220
16221
16224
16224
16224
16226
16228
16228
16229
16229
16234
16234
16239
16240
16242
16242
16242
16243
16246
16249
16250
16255
16255
16255
16256
16256
16257
16258
16258
16259
16259
16260
16263
16264
16269
16270
16271
16271
16271
16271
16273
16274
16275
16279
16289
16291
16293
16295
16296
16298
16299
16307
16313
16323
16327
16330
16333
16335
16335
16336
16338
16339
16340
16342
16347
16347
16348
16351
16353
16354
16354
16354
16358
16358
16362
16364
16366
16368
16368
16375
16376
16382
16386
16387
16387
16388
16388
16389
16391
16391
16394
16396
16404
16407
16414
16418
16421
16424
16426
16428
16429
16429
16429
16429
16431
16432
16432
16433
16435
16437
16437
16439
16440
16441
16444
16445
16446
16446
16448
16448
16449
16449
16451
16452
16454
16454
16461
16465
16466
16467
16468
16468
16468
16471
16473
16476
16477
16479
16480
16486
16486
16487
16487
16489
16489
16490
16492
16492
16498
16499
16499
16503
16503
16504
16505
16508
16509
16509
16510
16512
16515
16522
16522
16530
16532
16533
16534
16538
16538
16539
16548
16552
16554
16554
16554
16561
16567
16569
16576
16580
16584
16585
16585
16585
16586
16590
16591
16593
16593
16599
16599
16600
16600
16610
16614
16614
16615
16617
16618
16618
16618
16619
16620
16620
16621
16623
16624
16626
16630
16631
16632
16633
16634
16636
16636
16637
16639
16640
16645
16647
16647
16649
16649
16653
16653
16656
16658
16658
16660
16663
16664
16665
16668
16669
16671
16672
16672
16673
16675
16678
16679
16681
16682
16683
16687
16688
16688
16699
16699
16700
16701
16706
16709
16712
16713
16718
16723
16725
16728
16728
16731
16737
16737
16743
16746
16746
16747
16748
16750
16753
16754
16755
16757
16757
16758
16758
16763
16763
16767
16770
16771
16773
16774
16776
16780
16780
16780
16782
16782
16784
16784
16787
16788
16790
16791
16794
16795
16802
16803
16803
16813
16816
16816
16819
16820
16825
16826
16827
16828
16829
16829
16831
16833
16835
16836
16837
16837
16838
16840
16840
16841
16842
16845
16845
16850
16850
16851
16855
16856
16857
16858
16868
16868
16870
16872
16873
16873
16875
16876
16879
16879
16879
16880
16882
16892
16894
16897
16897
16898
16898
16898
16903
16906
16907
16908
16911
16911
16913
16914
16914
16914
16915
16917
16925
16927
16929
16929
16931
16931
16936
16938
16938
16939
16941
16942
16945
16947
16949
16951
16951
16956
16956
16958
16963
16965
16965
16966
16970
16975
16975
16977
16980
16981
16982
16982
16983
16984
16987
16987
16989
16996
16997
17000
17001
17004
17005
17009
17012
17013
17014
17015
17016
17017
17020
17022
17023
17025
17027
17027
17032
17034
17034
17040
17041
17043
17046
17051
17051
17052
17054
17055
17057
17057
17059
17062
17069
17072
17078
17080
17081
17084
17086
17088
17091
17091
17091
17092
17094
17094
17096
17099
17102
17106
17107
17108
17111
17114
17115
17115
17120
17120
17122
17122
17125
17126
17129
17130
17135
17138
17140
17140
17140
17140
17141
17142
17147
17151
17155
17159
17161
17161
17163
17166
17171
17174
17177
17183
17184
17184
17184
17184
17188
17195
17199
17199
17199
17200
17201
17203
17203
17207
17207
17209
17215
17216
17216
17217
17218
17219
17220
17223
17224
17227
17229
17235
17236
17236
17238
17242
17243
17243
17246
17247
17247
17247
17249
17257
17257
17259
17260
17264
17265
17265
17267
17267
17271
17274
17276
17276
17278
17278
17281
17281
17281
17283
17287
17289
17290
17293
17301
17302
17304
17308
17309
17313
17313
17314
17315
17315
17320
17325
17329
17337
17339
17340
17342
17344
17346
17354
17354
17357
17358
17358
17360
17362
17363
17364
17366
17369
17371
17373
17375
17375
17377
17383
17385
17389
17390
17392
17405
17405
17406
17408
17408
17411
17413
17417
17418
17418
17428
17436
17436
17440
17441
17444
17445
17446
17454
17457
17457
17457
17458
17459
17460
17462
17463
17464
17467
17467
17468
17470
17472
17472
17475
17479
17485
17486
17487
17488
17490
17497
17497
17500
17501
17502
17502
17503
17504
17505
17507
17508
17509
17511
17512
17513
17521
17522
17522
17525
17525
17529
17532
17537
17538
17539
17539
17540
17541
17543
17545
17546
17551
17553
17554
17559
17560
17565
17565
17565
17565
17566
17567
17567
17568
17569
17570
17574
17574
17575
17577
17580
17581
17581
17582
17583
17588
17589
17589
17590
17591
17593
17597
17601
17602
17602
17603
17603
17607
17607
17610
17616
17620
17620
17622
17622
17624
17630
17630
17638
17638
17639
17640
17643
17643
17645
17647
17648
17651
17652
17654
17655
17659
17660
17661
17662
17666
17667
17668
17669
17669
17669
17673
17675
17675
17677
17679
17683
17685
17685
17685
17685
17687
17690
17690
17692
17694
17694
17694
17697
17697
17698
17699
17699
17700
17702
17703
17710
17710
17713
17716
17717
17718
17718
17718
17719
17721
17723
17724
17728
17730
17731
17732
17732
17733
17734
17736
17741
17750
17751
17752
17753
17753
17755
17756
17759
17762
17763
17764
17769
17770
17771
17773
17774
17783
17792
17793
17795
17797
17797
17805
17806
17808
17808
17809
17811
17811
17813
17817
17820
17822
17824
17827
17827
17832
17833
17835
17836
17840
17840
17841
17843
17853
17856
17857
17857
17860
17871
17873
17874
17875
17876
17881
17882
17883
17886
17888
17892
17893
17902
17904
17911
17914
17914
17916
17917
17917
17918
17922
17927
17930
17930
17934
17939
17944
17945
17946
17948
17949
17950
17953
17955
17956
17963
17965
17967
17970
17971
17971
17972
17976
17981
17987
17987
17988
17991
17994
17997
17998
18000
18000
18001
18002
18003
18004
18004
18009
18012
18014
18017
18017
18020
18022
18023
18023
18023
18025
18027
18031
18032
18032
18036
18038
18042
18044
18046
18046
18049
18050
18051
18053
18053
18054
18055
18055
18061
18064
18068
18069
18070
18075
18075
18078
18078
18082
18082
18089
18089
18091
18094
18095
18097
18099
18103
18105
18106
18107
18107
18109
18111
18116
18116
18121
18123
18124
18124
18125
18129
18130
18130
18131
18132
18138
18144
18145
18146
18146
18147
18149
18149
18150
18155
18155
18157
18157
18159
18160
18163
18164
18164
18165
18167
18167
18173
18174
18175
18179
18179
18180
18181
18184
18184
18184
18184
18185
18186
18187
18187
18189
18190
18194
18198
18202
18202
18203
18206
18209
18210
18214
18215
18218
18224
18226
18228
18230
18232
18234
18235
18236
18236
18241
18241
18245
18250
18252
18256
18256
18257
18257
18259
18260
18261
18263
18264
18270
18270
18270
18274
18280
18282
18283
18285
18287
18288
18289
18295
18296
18298
18305
18306
18311
18315
18316
18317
18319
18320
18320
18322
18325
18325
18326
18329
18335
18337
18337
18338
18340
18341
18343
18347
18349
18354
18355
18365
18368
18370
18377
18377
18380
18380
18382
18382
18383
18384
18386
18388
18390
18390
18392
18393
18394
18397
18397
18398
18402
18403
18408
18415
18415
18416
18417
18417
18418
18424
18425
18425
18426
18433
18435
18436
18440
18440
18445
18446
18446
18447
18448
18449
18450
18451
18455
18456
18456
18457
18460
18460
18461
18466
18468
18469
18469
18470
18475
18480
18481
18481
18483
18485
18486
18490
18491
18492
18496
18497
18499
18500
18502
18506
18506
18506
18506
18507
18509
18513
18514
18516
18516
18517
18520
18524
18530
18531
18537
18538
18539
18547
18548
18548
18550
18557
18557
18558
18564
18566
18566
18566
18567
18569
18570
18571
18573
18574
18576
18585
18586
18589
18590
18592
18593
18602
18602
18603
18604
18605
18606
18606
18611
18619
18620
18623
18626
18627
18627
18627
18628
18641
18644
18649
18651
18652
18654
18656
18657
18657
18660
18660
18661
18665
18673
18673
18674
18676
18677
18678
18678
18685
18690
18693
18693
18697
18697
18698
18698
18699
18699
18701
18701
18702
18702
18704
18704
18705
18714
18715
18717
18718
18721
18722
18724
18726
18726
18730
18732
18732
18734
18736
18738
18739
18743
18746
18747
18751
18751
18752
18752
18752
18754
18759
18761
18762
18762
18762
18770
18773
18776
18779
18779
18780
18783
18784
18785
18790
18790
18791
18793
18799
18800
18800
18800
18803
18808
18809
18810
18812
18812
18814
18814
18816
18817
18823
18823
18823
18825
18826
18828
18829
18834
18839
18845
18847
18847
18849
18850
18850
18851
18852
18854
18855
18856
18858
18859
18859
18860
18861
18863
18863
18864
18865
18865
18867
18873
18874
18875
18876
18877
18878
18879
18889
18892
18893
18894
18898
18898
18902
18902
18908
18908
18912
18915
18916
18918
18918
18922
18924
18925
18927
18927
18934
18936
18940
18941
18942
18942
18943
18944
18947
18952
18953
18954
18954
18955
18955
18957
18957
18960
18961
18962
18963
18967
18967
18969
18971
18972
18976
18976
18977
18979
18980
18984
18986
18987
18988
18989
18989
18990
18993
18994
18994
18995
18996
18996
18999
19003
19006
19012
19013
19015
19015
19016
19017
19019
19021
19021
19027
19030
19034
19036
19036
19037
19041
19044
19048
19050
19051
19053
19058
19060
19067
19068
19072
19074
19076
19080
19080
19081
19082
19083
19086
19087
19088
19088
19090
19091
19093
19095
19100
19101
19107
19111
19112
19117
19117
19117
19119
19124
19125
19126
19129
19129
19130
19131
19134
19134
19136
19137
19138
19138
19142
19145
19146
19149
19154
19156
19157
19159
19161
19161
19162
19163
19168
19169
19170
19170
19172
19172
19174
19174
19179
19181
19183
19184
19186
19189
19189
19191
19192
19195
19195
19196
19198
19199
19200
19202
19204
19204
19205
19207
19211
19213
19214
19216
19216
19218
19218
19220
19220
19221
19224
19225
19226
19226
19227
19228
19231
19234
19234
19239
19240
19242
19245
19253
19255
19257
19258
19259
19259
19260
19262
19264
19265
19265
19267
19269
19269
19277
19278
19278
19279
19281
19282
19285
19287
19287
19290
19291
19292
19295
19296
19297
19299
19300
19300
19301
19304
19305
19307
19311
19315
19316
19319
19321
19322
19325
19325
19326
19330
19332
19334
19334
19336
19337
19339
19342
19343
19345
19346
19348
19349
19353
19355
19355
19355
19356
19358
19361
19363
19366
19366
19367
19369
19370
19372
19372
19373
19373
19375
19379
19379
19381
19382
19384
19385
19387
19389
19389
19390
19392
19393
19397
19398
19402
19403
19403
19405
19411
19414
19415
19419
19420
19421
19422
19422
19426
19426
19426
19429
19430
19433
19435
19439
19441
19443
19444
19445
19445
19446
19447
19451
19453
19455
19456
19461
19465
19465
19465
19467
19468
19469
19470
19470
19471
19473
19474
19476
19479
19480
19484
19486
19486
19487
19492
19494
19495
19497
19500
19502
19507
19509
19513
19515
19518
19518
19519
19519
19527
19529
19529
19530
19531
19531
19531
19533
19535
19538
19540
19540
19540
19543
19545
19551
19551
19552
19554
19560
19561
19561
19563
19567
19569
19570
19574
19574
19576
19582
19582
19591
19592
19593
19593
19599
19600
19602
19602
19602
19604
19606
19609
19613
19616
19617
19619
19619
19626
19630
19631
19631
19633
19634
19634
19639
19639
19639
19640
19640
19643
19651
19654
19656
19656
19664
19668
19672
19677
19678
19680
19683
19690
19699
19700
19703
19704
19706
19708
19708
19709
19710
19716
19716
19716
19720
19722
19723
19737
19743
19743
19745
19747
19752
19754
19756
19758
19759
19759
19759
19760
19765
19767
19770
19771
19772
19772
19774
19776
19777
19781
19782
19784
19784
19789
19791
19794
19802
19802
19803
19805
19807
19808
19810
19810
19811
19815
19815
19818
19819
19826
19828
19828
19830
19831
19833
19833
19836
19838
19841
19842
19843
19846
19846
19847
19847
19848
19851
19851
19853
19860
19861
19862
19863
19864
19865
19865
19867
19868
19875
19875
19876
19879
19884
19885
19885
19893
19895
19895
19897
19901
19904
19908
19908
19911
19915
19915
19916
19919
19920
19923
19924
19927
19927
19928
19928
19932
19932
19933
19934
19938
19939
19944
19944
19948
19949
19949
19949
19950
19951
19952
19956
19957
19958
19958
19960
19960
19962
19963
19967
19969
19970
19972
19972
19979
19982
19986
19986
19988
19999
19999
